1718361121397 5085.556640625 0
1718361121547 5085.02978515625 1
1718361121648 5084.42333984375 2
1718361121748 5083.68212890625 3
1718361121845 5082.77490234375 4
1718361121944 5081.65966796875 5
1718361122040 5080.30810546875 6
1718361122140 5078.65869140625 7
1718361122237 5076.697265625 8
1718361122337 5074.359375 9
1718361122436 5071.54443359375 10
1718361122539 5068.29248046875 11
1718361122636 5064.42431640625 12
1718361122733 5059.96826171875 13
1718361122829 5054.90380859375 14
1718361122925 5049.09716796875 15
1718361123022 5042.45068359375 16
1718361123118 5035.0517578125 17
1718361123216 5026.560546875 18
1718361123315 5017.1240234375 19
1718361123413 5006.72412109375 20
1718361123510 4995.234375 21
1718361123620 4982.271484375 22
1718361123722 4968.171875 23
1718361123819 4952.51513671875 24
1718361123917 4935.3779296875 25
1718361124013 4917.11083984375 26
1718361124131 4896.7314453125 27
1718361124230 4874.9921875 28
1718361124330 4852.01171875 29
1718361124430 4826.62060546875 30
1718361124528 4800.06298828125 31
1718361124624 4771.77783203125 32
1718361124730 4741.5439453125 33
1718361124830 4709.2529296875 34
1718361124926 4675.89013671875 35
1718361125024 4640.185546875 36
1718361125120 4602.37060546875 37
1718361125220 4562.880859375 38
1718361125317 4521.6708984375 39
1718361125415 4478.27490234375 40
1718361125511 4433.25 41
1718361125614 4385.46923828125 42
1718361125710 4336.48681640625 43
1718361125803 4285.17236328125 44
1718361125905 4232.08203125 45
1718361126002 4177.30908203125 46
1718361126097 4120.37109375 47
1718361126195 4060.708984375 48
1718361126291 4001.22900390625 49
1718361126389 3938.377685546875 50
1718361126488 3873.97412109375 51
1718361126590 3808.655029296875 52
1718361126688 3741.18896484375 53
1718361126780 3671.704833984375 54
1718361126880 3599.4599609375 55
1718361126982 3529.361083984375 56
1718361127080 3454.639404296875 57
1718361127175 3379.443603515625 58
1718361127274 3304.009033203125 59
1718361127372 3226.446044921875 60
1718361127476 3148.52734375 61
1718361127577 3067.430908203125 62
1718361127673 2988.558349609375 63
1718361127768 2907.21728515625 64
1718361127864 2826.926513671875 65
1718361127960 2746.54296875 66
1718361128057 2665.395263671875 67
1718361128153 2584.153564453125 68
1718361128255 2505.7939453125 69
1718361128352 2423.1572265625 70
1718361128451 2341.560791015625 71
1718361128549 2259.915283203125 72
1718361128644 2181.16162109375 73
1718361128751 2102.55859375 74
1718361128848 2025.0357666015625 75
1718361128944 1947.7928466796875 76
1718361129042 1873.27880859375 77
1718361129137 1799.0908203125 78
1718361129246 1726.501953125 79
1718361129350 1655.7413330078125 80
1718361129450 1587.1044921875 81
1718361129547 1519.4072265625 82
1718361129647 1454.8717041015625 83
1718361129746 1390.072265625 84
1718361129859 1329.2987060546875 85
1718361129954 1268.4200439453125 86
1718361130056 1211.681884765625 87
1718361130151 1156.8338623046875 88
1718361130247 1102.9713134765625 89
1718361130344 1053.4537353515625 90
1718361130439 1005.344970703125 91
1718361130539 958.9127197265625 92
1718361130635 914.5775756835938 93
1718361130731 874.469970703125 94
1718361130831 836.2841796875 95
1718361130928 800.0087280273438 96
1718361131041 765.9112548828125 97
1718361131138 735.7626953125 98
1718361131238 705.8204345703125 99
