1718361121397 34440332.0 0
1718361121547 34434376.0 1
1718361121648 34427492.0 2
1718361121748 34419072.0 3
1718361121845 34408752.0 4
1718361121944 34395876.0 5
1718361122040 34380180.0 6
1718361122140 34360792.0 7
1718361122237 34337580.0 8
1718361122337 34309924.0 9
1718361122436 34275624.0 10
1718361122539 34236820.0 11
1718361122636 34189704.0 12
1718361122733 34134376.0 13
1718361122829 34071680.0 14
1718361122925 34000156.0 15
1718361123022 33916164.0 16
1718361123118 33824836.0 17
1718361123216 33716880.0 18
1718361123315 33597508.0 19
1718361123413 33468394.0 20
1718361123510 33322946.0 21
1718361123620 33158594.0 22
1718361123722 32982220.0 23
1718361123819 32784304.0 24
1718361123917 32567098.0 25
1718361124013 32341522.0 26
1718361124131 32083606.0 27
1718361124230 31807050.0 28
1718361124330 31525494.0 29
1718361124430 31205168.0 30
1718361124528 30871490.0 31
1718361124624 30523648.0 32
1718361124730 30150124.0 33
1718361124830 29750580.0 34
1718361124926 29346068.0 35
1718361125024 28913168.0 36
1718361125120 28454604.0 37
1718361125220 27983308.0 38
1718361125317 27487340.0 39
1718361125415 26973860.0 40
1718361125511 26452644.0 41
1718361125614 25891500.0 42
1718361125710 25335542.0 43
1718361125803 24749734.0 44
1718361125905 24152142.0 45
1718361126002 23544662.0 46
1718361126097 22923940.0 47
1718361126195 22272536.0 48
1718361126291 21640040.0 49
1718361126389 20976246.0 50
1718361126488 20300978.0 51
1718361126590 19643860.0 52
1718361126688 18966520.0 53
1718361126780 18284730.0 54
1718361126880 17582630.0 55
1718361126982 16917984.0 56
1718361127080 16217797.0 57
1718361127175 15530138.0 58
1718361127274 14854810.0 59
1718361127372 14174151.0 60
1718361127476 13522405.0 61
1718361127577 12847603.0 62
1718361127673 12202992.0 63
1718361127768 11556666.0 64
1718361127864 10933439.0 65
1718361127960 10321115.0 66
1718361128057 9724334.0 67
1718361128153 9143201.0 68
1718361128255 8605710.0 69
1718361128352 8047451.5 70
1718361128451 7525366.5 71
1718361128549 7008919.0 72
1718361128644 6532524.0 73
1718361128751 6069633.5 74
1718361128848 5640925.0 75
1718361128944 5215789.5 76
1718361129042 4823019.5 77
1718361129137 4445620.5 78
1718361129246 4091817.5 79
1718361129350 3764616.0 80
1718361129450 3458245.25 81
1718361129547 3168395.5 82
1718361129647 2908615.75 83
1718361129746 2654421.25 84
1718361129859 2428200.5 85
1718361129954 2213508.5 86
1718361130056 2023766.125 87
1718361130151 1844486.625 88
1718361130247 1678842.375 89
1718361130344 1535155.875 90
1718361130439 1401614.625 91
1718361130539 1280250.0 92
1718361130635 1168000.625 93
1718361130731 1070955.125 94
1718361130831 982123.4375 95
1718361130928 901924.875 96
1718361131041 828987.6875 97
1718361131138 767276.8125 98
1718361131238 708634.375 99
